testing rosenbrock algorithm with patata function
point;eps;maxit;path;eval;grad;hess;diff;final;value
(0.001,10);0.0005;10000;7;954;0;0;10.2313;(-122.76,-0.71873);8.20824e-05
(10,10);0.0005;10000;10000;1360002;0;0;10.2107;(833.428,-0.85336);-0.000113327
(10,0);0.0005;10000;10000;1360002;0;0;0.23134;(49.5971,0.0256535);2.43705e-07


testing steepest descent algorithm with patata function
point;eps;path;eval;grad;hess;diff;final;value
(0.001,10);0.0005;1001;67002;1001;0;10.2313;(8.97279e-71,-1.40843);-2.40351e-06
(10,10);0.0005;503;33636;503;0;-nan;(4.87463e+154,443.202);-nan
(10,0);0.0005;76;5027;76;0;-nan;(1.33998e+156,0);-nan


testing newton-raphson algorithm with gregory-karney function
point;eps;path;eval;grad;hess;diff;final;value
(4,4);0.0005;1001;69002;1001;1001;7.99999;(1.10557,-0.341646);1.43209e-05
(-4,-4);0.0005;1001;69002;1001;1001;24.0001;(3.66405,2.3867);-0.000133151
(4,-4);0.0005;1001;69002;1001;1001;72;(2.32879,0.178013);-3.73368e-05
(0,0,0);0.0005;1001;69002;1001;1001;0.000220719;(0.000110362,7.35744e-05,3.67872e-05);-0.000220719
(3,3,3);0.0005;1001;69002;1001;1001;2.99972;(3,2.70714,2.41428);0.000278704
(0,0,0,0,0);0.0005;1001;69002;1001;1001;0.000367865;(0.000183936,0.000147149,0.000110362,7.35744e-05,3.67872e-05);-0.000367865
(5,5,5,5,5);0.0005;1001;69002;1001;1001;14.9997;(5,4.50001,4.00003,3.50004,3.00006);0.000291557


testing steepest descent algorithm with gregory-karney function
point;eps;path;eval;grad;hess;diff;final;value
(4,4);0.0005;1001;67002;1001;0;8.00037;(1.54054,1.74343);-0.000373986
(-4,-4);0.0005;1001;67002;1001;0;23.9994;(2.45958,0.25639);0.00061462
(4,-4);0.0005;1001;67002;1001;0;72.0007;(2.45942,0.256639);-0.000725322
(0,0,0);0.0005;1001;67002;1001;0;0.000736097;(2.68477,2.70831,0.431983);-0.000736097
(3,3,3);0.0005;1001;67002;1001;0;2.99967;(3.31528,1.29157,1.56812);0.00033292
(0,0,0,0,0);0.0005;1001;67002;1001;0;0.00316143;(4.8021,4.53087,2.30471,2.63896,0.620232);-0.00316143
(5,5,5,5,5);0.0005;1001;67002;1001;0;14.9957;(5.19805,3.46874,3.69581,1.36056,1.38005);0.00426238


testing rosenbrock algorithm with rosenbrock function
point;eps;maxit;path;eval;grad;hess;diff;final;value
(0,0);0.0005;10000;10000;1360002;0;0;-81.1848;(-8.06544,65.0564);82.1848
(10,-10);0.0005;10000;10000;1360002;0;0;1.20956e+06;(-21.7229,471.89);516.333
(0,10);0.0005;10000;10000;1360002;0;0;9272.37;(27.9931,783.614);728.626
(-1,1);0.0005;10000;2;274;0;0;4;(0.999968,0.99994);2.73916e-09


testing simplex algorithm with rosenbrock function
point;eps;alpha;beta;gamma;delta;s;path;eval;grad;hess;diff;final;value
(0,0);0.0005;1;0.5;2;0.5;1;92;93;0;0;0.999836;(0.993342,0.985634);0.000164134
(10,-10);0.0005;1;0.5;2;0.5;1;132;133;0;0;1.21008e+06;(0.994107,0.987556);8.27962e-05
(0,10);0.0005;1;0.5;2;0.5;1;125;126;0;0;10001;(1.00989,1.02081);0.000184334
(-1,1);0.0005;1;0.5;2;0.5;1;135;136;0;0;3.99974;(1.01168,1.02239);0.000258348


testing simplex algorithm with rastrigin function
point;eps;alpha;beta;gamma;delta;s;path;eval;grad;hess;diff;final;value
(2,2);0.0005;1;0.5;2;0.5;1;54;55;0;0;10.2547;(-0.00267934,0.000804213);-1.99872
(0.349066,0.349066);0.0005;1;0.5;2;0.5;1;46;47;0;0;0.00107796;(0.346058,0.345578);-1.75738
(1.0472,0.698132);0.0005;1;0.5;2;0.5;1;44;45;0;0;0.614837;(0.694339,0.695292);-1.03083
(6,6);0.0005;1;0.5;2;0.5;1;67;68;0;0;72.1587;(-1.03931,0.000519967);-0.90973


testing newton-raphson algorithm with ratrigin function
point;eps;path;eval;grad;hess;diff;final;value
(2,2);0.0005;21;1382;21;21;8.07615;(1.04076,1.04076);0.179775
(0.349066,0.349066);0.0005;8;485;8;8;-1.93608;(1.04076,1.04076);0.179775
(1.0472,0.698132);0.0005;1001;69002;1001;1001;-0.41599;(0.118408,0.0550001);5.81233e-07
(6,6);0.0005;17;1106;17;17;71.0692;(1.04076,1.04076);0.179775
