p1;p2
0.001;10
0.001;10
0.000787341;1.40859
0.000675408;-1.40845
0.000578876;1.40843
0.000496085;-1.40843
0.00042514;1.40844
0.000364363;-1.40843
0.000312259;1.40843
0.000267599;-1.40843
0.000229335;1.40845
0.000196561;-1.40845
0.000168471;1.40844
0.00014439;-1.40844
0.000123751;1.40843
0.000106052;-1.40845
9.08952e-05;1.40843
7.78937e-05;-1.40845
6.67634e-05;1.40842
5.72131e-05;-1.40843
4.90302e-05;1.40844
4.20202e-05;-1.40843
3.60108e-05;1.40844
3.08633e-05;-1.40843
2.64493e-05;1.40843
2.26666e-05;-1.40843
1.94246e-05;1.40844
1.66478e-05;-1.40843
1.42669e-05;1.40842
1.22261e-05;-1.40843
1.04773e-05;1.40845
8.98e-06;-1.40845
7.69663e-06;1.40842
6.59536e-06;-1.40844
5.6524e-06;1.40843
4.84406e-06;-1.40844
4.15151e-06;1.40842
3.55768e-06;-1.40842
3.04866e-06;1.40843
2.61264e-06;-1.40843
2.23901e-06;1.40844
1.91889e-06;-1.40843
1.64448e-06;1.40844
1.40936e-06;-1.40843
1.20782e-06;1.40842
1.03505e-06;-1.40842
8.86992e-07;1.40843
7.60122e-07;-1.40845
6.51486e-07;1.40842
5.58293e-07;-1.40843
4.78438e-07;1.40845
4.1006e-07;-1.40842
3.51401e-07;1.40843
3.01149e-07;-1.40843
2.58087e-07;1.40842
2.21163e-07;-1.40843
1.89533e-07;1.40843
1.62423e-07;-1.40845
1.39213e-07;1.40844
1.19308e-07;-1.40843
1.02249e-07;1.40845
8.76352e-08;-1.40843
7.51012e-08;1.40844
6.4363e-08;-1.40844
5.51628e-08;1.40843
4.72736e-08;-1.40843
4.05119e-08;1.40845
3.47216e-08;-1.40843
2.97568e-08;1.40842
2.5499e-08;-1.40844
2.18535e-08;1.40844
1.87297e-08;-1.40843
1.60513e-08;1.40843
1.37558e-08;-1.40844
1.17895e-08;1.40843
1.01034e-08;-1.40843
8.65834e-09;1.40844
7.42044e-09;-1.40843
6.35916e-09;1.40843
5.44978e-09;-1.40843
4.67044e-09;1.40843
4.00261e-09;-1.40845
3.43063e-09;1.40844
2.94017e-09;-1.40844
2.5199e-09;1.40842
2.15946e-09;-1.40842
1.85049e-09;1.40843
1.58583e-09;-1.40843
1.35907e-09;1.40845
1.16488e-09;-1.40844
9.98325e-10;1.40844
8.55595e-10;-1.40843
7.33217e-10;1.40845
6.28418e-10;-1.40844
5.38567e-10;1.40844
4.61574e-10;-1.40843
3.95574e-10;1.40845
3.39045e-10;-1.40844
2.90577e-10;1.40843
2.4902e-10;-1.40845
2.13429e-10;1.40843
1.82906e-10;-1.40842
1.56741e-10;1.40843
1.34323e-10;-1.40844
1.15119e-10;1.40843
9.86548e-11;-1.40843
8.45451e-11;1.40843
7.24545e-11;-1.40844
6.20956e-11;1.40843
5.32142e-11;-1.40844
4.56068e-11;1.40843
3.90857e-11;-1.40845
3.34992e-11;1.40843
2.87091e-11;-1.40842
2.46015e-11;1.40843
2.10832e-11;-1.40844
1.80695e-11;1.40843
1.54851e-11;-1.40844
1.32713e-11;1.40844
1.13742e-11;-1.40843
9.74775e-12;1.40842
8.35315e-12;-1.40843
7.15864e-12;1.40843
6.13486e-12;-1.40844
5.25796e-12;1.40842
4.50582e-12;-1.40843
3.8614e-12;1.40843
3.30916e-12;-1.40843
2.83582e-12;1.40845
2.43061e-12;-1.40844
2.0832e-12;1.40844
1.78536e-12;-1.40843
1.53004e-12;1.40844
1.31128e-12;-1.40843
1.12378e-12;1.40842
9.62989e-13;-1.40843
8.25272e-13;1.40844
7.07295e-13;-1.40843
6.06144e-13;1.40844
5.19495e-13;-1.40844
4.45226e-13;1.40844
3.81584e-13;-1.40843
3.27013e-13;1.40844
2.80268e-13;-1.40843
2.4019e-13;1.40843
2.05835e-13;-1.40845
1.76416e-13;1.40843
1.51186e-13;-1.40842
1.29559e-13;1.40843
1.11028e-13;-1.40845
9.51604e-14;1.40842
8.15444e-14;-1.40844
6.9886e-14;1.40843
5.98898e-14;-1.40845
5.13313e-14;1.40844
4.3993e-14;-1.40844
3.77029e-14;1.40844
3.23129e-14;-1.40844
2.76928e-14;1.40844
2.3734e-14;-1.40844
2.03412e-14;1.40844
1.74331e-14;-1.40844
1.49413e-14;1.40844
1.28056e-14;-1.40844
1.09751e-14;1.40843
9.40577e-15;-1.40842
8.06003e-15;1.40844
6.90779e-15;-1.40843
5.92002e-15;1.40842
5.07307e-15;-1.40843
4.34748e-15;1.40844
3.726e-15;-1.40844
3.19333e-15;1.40844
2.73678e-15;-1.40845
2.34563e-15;1.40843
2.01017e-15;-1.40844
1.72285e-15;1.40844
1.47655e-15;-1.40844
1.26547e-15;1.40843
1.08449e-15;-1.40842
9.29363e-16;1.40842
7.96394e-16;-1.40844
6.82545e-16;1.40843
5.84937e-16;-1.40844
5.01301e-16;1.40844
4.29643e-16;-1.40843
3.682e-16;1.40844
3.15559e-16;-1.40842
2.70421e-16;1.40842
2.31733e-16;-1.40843
1.98591e-16;1.40843
1.70191e-16;-1.40844
1.45858e-16;1.40843
1.25e-16;-1.40843
1.07123e-16;1.40843
9.18015e-17;-1.40844
7.86763e-17;1.40843
6.74254e-17;-1.40843
5.77826e-17;1.40845
4.95241e-17;-1.40843
4.24407e-17;1.40844
3.63741e-17;-1.40843
3.1172e-17;1.40843
2.67132e-17;-1.40845
2.28961e-17;1.40843
1.96212e-17;-1.40845
1.6817e-17;1.40842
1.44112e-17;-1.40844
1.2351e-17;1.40843
1.0585e-17;-1.40845
9.07215e-18;1.40842
7.77443e-18;-1.40842
6.66234e-18;1.40842
5.70932e-18;-1.40843
4.89271e-18;1.40844
4.19337e-18;-1.40844
3.59392e-18;1.40843
3.0799e-18;-1.40843
2.63951e-18;1.40842
2.26182e-18;-1.40844
1.93851e-18;1.40843
1.66128e-18;-1.40844
1.42383e-18;1.40844
1.22027e-18;-1.40844
1.04583e-18;1.40844
8.96314e-19;-1.40844
7.68197e-19;1.40844
6.58397e-19;-1.40844
5.64271e-19;1.40844
4.83605e-19;-1.40843
4.14448e-19;1.40843
3.55177e-19;-1.40844
3.04408e-19;1.40843
2.60868e-19;-1.40844
2.23581e-19;1.40844
1.91618e-19;-1.40844
1.64223e-19;1.40844
1.40747e-19;-1.40843
1.20618e-19;1.40844
1.03377e-19;-1.40843
8.85916e-20;1.40843
7.5924e-20;-1.40845
6.50743e-20;1.40844
5.57702e-20;-1.40844
4.77961e-20;1.40844
4.09633e-20;-1.40843
3.51061e-20;1.40845
3.00885e-20;-1.40843
2.57858e-20;1.40843
2.20981e-20;-1.40844
1.89394e-20;1.40844
1.62324e-20;-1.40844
1.39116e-20;1.40843
1.19224e-20;-1.40845
1.02185e-20;1.40842
8.75648e-21;-1.40844
7.50463e-21;1.40844
6.43178e-21;-1.40844
5.51214e-21;1.40844
4.72425e-21;-1.40842
4.04845e-21;1.40843
3.46944e-21;-1.40843
2.97328e-21;1.40844
2.54822e-21;-1.40843
2.18385e-21;1.40845
1.87178e-21;-1.40844
1.60417e-21;1.40844
1.37488e-21;-1.40844
1.17833e-21;1.40844
1.00988e-21;-1.40843
8.65458e-22;1.40844
7.41724e-22;-1.40843
6.35635e-22;1.40844
5.44772e-22;-1.40844
4.66881e-22;1.40844
4.0013e-22;-1.40843
3.42906e-22;1.40842
2.93854e-22;-1.40843
2.51828e-22;1.40842
2.15805e-22;-1.40843
1.84938e-22;1.40845
1.58507e-22;-1.40842
1.35831e-22;1.40844
1.16413e-22;-1.40843
9.97664e-23;1.40843
8.5496e-23;-1.40845
7.32794e-23;1.40842
6.27973e-23;-1.40842
5.38135e-23;1.40844
4.61215e-23;-1.40845
3.95296e-23;1.40843
3.38763e-23;-1.40844
2.90343e-23;1.40844
2.48835e-23;-1.40844
2.13258e-23;1.40843
1.82764e-23;-1.40842
1.56614e-23;1.40844
1.34227e-23;-1.40844
1.15035e-23;1.40844
9.85902e-24;-1.40844
8.44967e-24;1.40844
7.24167e-24;-1.40844
6.20648e-24;1.40844
5.31914e-24;-1.40843
4.55832e-24;1.40845
3.90686e-24;-1.40842
3.34789e-24;1.40844
2.86927e-24;-1.40844
2.45907e-24;1.40844
2.10755e-24;-1.40844
1.8062e-24;1.40844
1.54803e-24;-1.40845
1.32677e-24;1.40844
1.13707e-24;-1.40844
9.74508e-25;1.40844
8.35202e-25;-1.40844
7.15795e-25;1.40842
6.13408e-25;-1.40842
5.25644e-25;1.40844
4.505e-25;-1.40843
3.8608e-25;1.40842
3.30854e-25;-1.40842
2.83523e-25;1.40844
2.4299e-25;-1.40844
2.08254e-25;1.40843
1.78468e-25;-1.40843
1.52949e-25;1.40845
1.31094e-25;-1.40845
1.12357e-25;1.40844
9.62919e-26;-1.40844
8.25265e-26;1.40843
7.07245e-26;-1.40844
6.06132e-26;1.40845
5.19501e-26;-1.40843
4.45201e-26;1.40843
3.81538e-26;-1.40843
3.26964e-26;1.40845
2.80244e-26;-1.40844
2.40188e-26;1.40844
2.05849e-26;-1.40844
1.76424e-26;1.40843
1.51197e-26;-1.40842
1.29564e-26;1.40843
1.11036e-26;-1.40843
9.51549e-27;1.40844
8.15509e-27;-1.40844
6.98948e-27;1.40844
5.99014e-27;-1.40844
5.13367e-27;1.40844
4.39975e-27;-1.40844
3.77074e-27;1.40844
3.23177e-27;-1.40844
2.76978e-27;1.40844
2.37382e-27;-1.40844
2.0344e-27;1.40844
1.74358e-27;-1.40844
1.49432e-27;1.40843
1.28065e-27;-1.40842
1.09741e-27;1.40844
9.40526e-28;-1.40843
8.06028e-28;1.40843
6.90761e-28;-1.40843
5.91991e-28;1.40845
5.07389e-28;-1.40845
4.34874e-28;1.40842
3.72663e-28;-1.40844
3.1938e-28;1.40844
2.73719e-28;-1.40845
2.34598e-28;1.40843
2.01043e-28;-1.40844
1.72308e-28;1.40844
1.47674e-28;-1.40844
1.26565e-28;1.40843
1.08463e-28;-1.40844
9.29557e-29;1.40843
7.96625e-29;-1.40843
6.82717e-29;1.40845
5.85152e-29;-1.40844
5.01506e-29;1.40844
4.298e-29;-1.40844
3.68359e-29;1.40844
3.15701e-29;-1.40843
2.70551e-29;1.40844
2.31881e-29;-1.40844
1.98728e-29;1.40843
1.70311e-29;-1.40842
1.45943e-29;1.40843
1.25072e-29;-1.40844
1.07193e-29;1.40844
9.18685e-30;-1.40843
7.87325e-30;1.40845
6.74804e-30;-1.40842
5.78258e-30;1.40844
4.95577e-30;-1.40844
4.24741e-30;1.40844
3.6403e-30;-1.40844
3.11994e-30;1.40843
2.67374e-30;-1.40845
2.29161e-30;1.40842
1.96382e-30;-1.40842
1.68287e-30;1.40842
1.44215e-30;-1.40842
1.2358e-30;1.40844
1.05915e-30;-1.40843
9.07687e-31;1.40843
7.7787e-31;-1.40843
6.66624e-31;1.40844
5.71339e-31;-1.40844
4.89673e-31;1.40842
4.19626e-31;-1.40843
3.59612e-31;1.40843
3.08178e-31;-1.40844
2.64119e-31;1.40844
2.26368e-31;-1.40844
1.94005e-31;1.40845
1.66277e-31;-1.40843
1.42496e-31;1.40845
1.22131e-31;-1.40842
1.04661e-31;1.40842
8.96871e-32;-1.40844
7.68632e-32;1.40844
6.58768e-32;-1.40844
5.64597e-32;1.40844
4.8388e-32;-1.40844
4.1471e-32;1.40844
3.55415e-32;-1.40844
3.04604e-32;1.40844
2.61055e-32;-1.40843
2.23718e-32;1.40843
1.91727e-32;-1.40842
1.643e-32;1.40843
1.40807e-32;-1.40845
1.20684e-32;1.40842
1.03416e-32;-1.40844
8.86306e-33;1.40843
7.59536e-33;-1.40844
6.50973e-33;1.40844
5.57911e-33;-1.40844
4.78139e-33;1.40844
4.09793e-33;-1.40843
3.51181e-33;1.40844
3.00976e-33;-1.40844
2.57946e-33;1.40843
2.2105e-33;-1.40845
1.89461e-33;1.40844
1.62377e-33;-1.40844
1.39165e-33;1.40844
1.19269e-33;-1.40844
1.02221e-33;1.40843
8.76013e-34;-1.40843
7.50727e-34;1.40843
6.4336e-34;-1.40843
5.51339e-34;1.40844
4.72534e-34;-1.40844
4.04984e-34;1.40844
3.47087e-34;-1.40844
2.97467e-34;1.40844
2.54941e-34;-1.40843
2.18487e-34;1.40845
1.87266e-34;-1.40843
1.60485e-34;1.40844
1.37543e-34;-1.40843
1.17873e-34;1.40844
1.01025e-34;-1.40844
8.65816e-35;1.40844
7.42062e-35;-1.40844
6.35979e-35;1.40843
5.45039e-35;-1.40845
4.67158e-35;1.40845
4.00391e-35;-1.40842
3.4312e-35;1.40842
2.94025e-35;-1.40844
2.51985e-35;1.40844
2.15963e-35;-1.40844
1.85092e-35;1.40843
1.58626e-35;-1.40844
1.35954e-35;1.40844
1.16515e-35;-1.40844
9.98559e-36;1.40844
8.55814e-36;-1.40844
7.33462e-36;1.40844
6.28623e-36;-1.40844
5.38773e-36;1.40844
4.61742e-36;-1.40843
3.95715e-36;1.40842
3.39105e-36;-1.40844
2.90629e-36;1.40844
2.49082e-36;-1.40843
2.13463e-36;1.40843
1.82934e-36;-1.40843
1.56769e-36;1.40844
1.34361e-36;-1.40844
1.15155e-36;1.40843
9.86861e-37;-1.40845
8.45813e-37;1.40843
7.24856e-37;-1.40844
6.21217e-37;1.40844
5.32399e-37;-1.40843
4.56268e-37;1.40842
3.90999e-37;-1.40843
3.35081e-37;1.40844
2.87187e-37;-1.40844
2.46131e-37;1.40844
2.10938e-37;-1.40844
1.80787e-37;1.40844
1.54947e-37;-1.40844
1.32795e-37;1.40842
1.13799e-37;-1.40842
9.75211e-38;1.40842
8.35685e-38;-1.40844
7.16202e-38;1.40844
6.13796e-38;-1.40844
5.26063e-38;1.40844
4.50865e-38;-1.40843
3.86393e-38;1.40842
3.31117e-38;-1.40844
2.83778e-38;1.40843
2.43188e-38;-1.40844
2.08428e-38;1.40844
1.78634e-38;-1.40844
1.53094e-38;1.40843
1.31201e-38;-1.40843
1.12436e-38;1.40843
9.6359e-39;-1.40842
8.25722e-39;1.40843
7.07626e-39;-1.40843
6.06436e-39;1.40843
5.19696e-39;-1.40845
4.45416e-39;1.40844
3.81731e-39;-1.40844
3.27156e-39;1.40844
2.80393e-39;-1.40845
2.40318e-39;1.40843
2.05949e-39;-1.40845
1.76514e-39;1.40843
1.51266e-39;-1.40845
1.29651e-39;1.40843
1.11107e-39;-1.40845
9.52278e-40;1.40842
8.16023e-40;-1.40844
6.99349e-40;1.40844
5.99365e-40;-1.40844
5.13697e-40;1.40844
4.40255e-40;-1.40842
3.77279e-40;1.40842
3.23312e-40;-1.40842
2.77057e-40;1.40843
2.37433e-40;-1.40843
2.03472e-40;1.40845
1.74394e-40;-1.40844
1.49468e-40;1.40844
1.28099e-40;-1.40844
1.09789e-40;1.40844
9.4093e-41;-1.40842
8.06336e-41;1.40842
6.90991e-41;-1.40843
5.92167e-41;1.40843
5.07471e-41;-1.40844
4.3492e-41;1.40845
3.72757e-41;-1.40844
3.1946e-41;1.40844
2.73789e-41;-1.40844
2.34647e-41;1.40844
2.01104e-41;-1.40844
1.72354e-41;1.40844
1.47711e-41;-1.40844
1.26594e-41;1.40844
1.08498e-41;-1.40843
9.29823e-42;1.40843
7.96854e-42;-1.40843
6.82911e-42;1.40845
5.85328e-42;-1.40843
5.01605e-42;1.40845
4.29925e-42;-1.40844
3.68456e-42;1.40843
3.1577e-42;-1.40845
2.70649e-42;1.40843
2.31938e-42;-1.40844
1.98784e-42;1.40843
1.70355e-42;-1.40842
1.45987e-42;1.40845
1.25127e-42;-1.40844
1.07241e-42;1.40843
9.19049e-43;-1.40844
7.87649e-43;1.40843
6.75014e-43;-1.40843
5.78478e-43;1.40844
4.95793e-43;-1.40844
4.2492e-43;1.40844
3.6417e-43;-1.40845
3.12121e-43;1.40843
2.67482e-43;-1.40843
2.29229e-43;1.40844
1.96459e-43;-1.40844
1.68369e-43;1.40844
1.44298e-43;-1.40845
1.23674e-43;1.40843
1.05987e-43;-1.40844
9.08375e-44;1.40844
7.78538e-44;-1.40844
6.67235e-44;1.40844
5.71858e-44;-1.40843
4.90077e-44;1.40844
4.20012e-44;-1.40844
3.59979e-44;1.40844
3.08516e-44;-1.40844
2.64408e-44;1.40845
2.26616e-44;-1.40843
1.94213e-44;1.40845
1.66457e-44;-1.40842
1.42642e-44;1.40843
1.22246e-44;-1.40842
1.04754e-44;1.40844
8.97788e-45;-1.40843
7.69391e-45;1.40842
6.59334e-45;-1.40842
5.65017e-45;1.40843
4.84214e-45;-1.40844
4.14992e-45;1.40843
3.55649e-45;-1.40842
3.04777e-45;1.40845
2.6123e-45;-1.40844
2.2388e-45;1.40844
1.9187e-45;-1.40843
1.64434e-45;1.40842
1.40911e-45;-1.40843
1.20762e-45;1.40842
1.03484e-45;-1.40844
8.86909e-46;1.40844
7.60104e-46;-1.40843
6.51408e-46;1.40843
5.58244e-46;-1.40843
4.78408e-46;1.40844
4.10025e-46;-1.40842
3.51373e-46;1.40843
3.01115e-46;-1.40844
2.58074e-46;1.40842
2.21159e-46;-1.40845
1.89559e-46;1.40844
1.62458e-46;-1.40843
1.39224e-46;1.40843
1.1931e-46;-1.40845
1.02259e-46;1.40844
8.76431e-47;-1.40844
7.5113e-47;1.40845
6.43773e-47;-1.40843
5.51716e-47;1.40842
4.72796e-47;-1.40842
4.05165e-47;1.40842
3.47208e-47;-1.40843
2.97545e-47;1.40845
2.55023e-47;-1.40845
2.18576e-47;1.40845
1.87344e-47;-1.40845
1.60568e-47;1.40843
1.37603e-47;-1.40844
1.17928e-47;1.40844
1.01071e-47;-1.40842
8.66139e-48;1.40842
7.42231e-48;-1.40844
6.36125e-48;1.40843
5.45153e-48;-1.40844
4.67218e-48;1.40844
4.0042e-48;-1.40845
3.43192e-48;1.40843
2.94103e-48;-1.40845
2.52075e-48;1.40844
2.16033e-48;-1.40844
1.85153e-48;1.40845
1.58691e-48;-1.40843
1.35993e-48;1.40844
1.16553e-48;-1.40844
9.98909e-49;1.40843
8.56058e-49;-1.40844
7.33661e-49;1.40844
6.28761e-49;-1.40844
5.38877e-49;1.40843
4.61813e-49;-1.40844
3.95788e-49;1.40843
3.39176e-49;-1.40845
2.90704e-49;1.40845
2.49158e-49;-1.40842
2.13512e-49;1.40843
1.82973e-49;-1.40844
1.56818e-49;1.40843
1.34392e-49;-1.40843
1.15176e-49;1.40845
9.87166e-50;-1.40844
8.4605e-50;1.40844
7.25099e-50;-1.40844
6.21424e-50;1.40844
5.32586e-50;-1.40844
4.56435e-50;1.40844
3.91193e-50;-1.40845
3.3528e-50;1.40843
2.87339e-50;-1.40845
2.46275e-50;1.40845
2.11081e-50;-1.40844
1.80907e-50;1.40844
1.55041e-50;-1.40844
1.32878e-50;1.40843
1.13877e-50;-1.40842
9.75865e-51;1.40844
8.36345e-51;-1.40843
7.16726e-51;1.40844
6.14254e-51;-1.40843
5.26407e-51;1.40842
4.51108e-51;-1.40842
3.86572e-51;1.40844
3.31319e-51;-1.40844
2.83949e-51;1.40843
2.43343e-51;-1.40843
2.08547e-51;1.40842
1.78708e-51;-1.40843
1.53153e-51;1.40843
1.31249e-51;-1.40842
1.12475e-51;1.40842
9.63843e-52;-1.40845
8.26089e-52;1.40843
7.07929e-52;-1.40845
6.06759e-52;1.40845
5.20042e-52;-1.40842
4.45642e-52;1.40843
3.81906e-52;-1.40843
3.27294e-52;1.40843
2.8048e-52;-1.40845
2.40393e-52;1.40843
2.0601e-52;-1.40844
1.76558e-52;1.40844
1.51319e-52;-1.40844
1.29687e-52;1.40843
1.11141e-52;-1.40844
9.52501e-53;1.40844
8.16315e-53;-1.40844
6.996e-53;1.40844
5.99574e-53;-1.40843
5.1384e-53;1.40842
4.40321e-53;-1.40843
3.77348e-53;1.40842
3.23369e-53;-1.40843
2.77122e-53;1.40843
2.37487e-53;-1.40843
2.03525e-53;1.40844
1.74426e-53;-1.40843
1.49483e-53;1.40843
1.28102e-53;-1.40845
1.09794e-53;1.40845
9.41062e-54;-1.40844
8.06533e-54;1.40843
6.9119e-54;-1.40844
5.92382e-54;1.40843
5.07663e-54;-1.40845
4.35103e-54;1.40843
3.72887e-54;-1.40845
3.19606e-54;1.40844
2.7392e-54;-1.40843
2.34749e-54;1.40843
2.01177e-54;-1.40844
1.72419e-54;1.40844
1.4777e-54;-1.40844
1.26642e-54;1.40844
1.08536e-54;-1.40843
9.30116e-55;1.40845
7.97181e-55;-1.40843
6.83163e-55;1.40844
5.85491e-55;-1.40843
5.01751e-55;1.40844
4.30014e-55;-1.40843
3.68518e-55;1.40844
3.15834e-55;-1.40844
2.70683e-55;1.40843
2.31974e-55;-1.40843
1.98805e-55;1.40845
1.70392e-55;-1.40842
1.46019e-55;1.40842
1.25126e-55;-1.40843
1.07235e-55;1.40845
9.19092e-56;-1.40842
7.87601e-56;1.40843
6.74956e-56;-1.40843
5.78444e-56;1.40845
4.95788e-56;-1.40843
4.24877e-56;1.40844
3.64133e-56;-1.40843
3.12049e-56;1.40845
2.67451e-56;-1.40842
2.29193e-56;1.40843
1.96414e-56;-1.40843
1.68324e-56;1.40842
1.44247e-56;-1.40842
1.2361e-56;1.40843
1.05932e-56;-1.40844
9.07875e-57;1.40845
7.78112e-57;-1.40844
6.66858e-57;1.40844
5.7152e-57;-1.40844
4.89826e-57;1.40843
4.1977e-57;-1.40843
3.59743e-57;1.40843
3.0829e-57;-1.40844
2.64219e-57;1.40843
2.26429e-57;-1.40843
1.94053e-57;1.40845
1.66321e-57;-1.40844
1.42547e-57;1.40843
1.2216e-57;-1.40842
1.04687e-57;1.40842
8.97081e-58;-1.40843
7.68797e-58;1.40843
6.58848e-58;-1.40845
5.6468e-58;1.40843
4.83935e-58;-1.40845
4.14789e-58;1.40844
3.55485e-58;-1.40843
3.0465e-58;1.40843
2.61078e-58;-1.40843
2.23748e-58;1.40845
1.91769e-58;-1.40843
1.64342e-58;1.40843
1.40836e-58;-1.40844
1.20705e-58;1.40843
1.03441e-58;-1.40844
8.8655e-59;1.40844
7.59833e-59;-1.40844
6.51208e-59;1.40843
5.58092e-59;-1.40845
4.78343e-59;1.40843
4.09933e-59;-1.40845
3.51344e-59;1.40843
3.0109e-59;-1.40845
2.58057e-59;1.40843
2.21151e-59;-1.40843
1.89519e-59;1.40845
1.62431e-59;-1.40844
1.39206e-59;1.40844
1.19308e-59;-1.40844
1.02255e-59;1.40844
8.76357e-60;-1.40843
7.51026e-60;1.40844
6.43676e-60;-1.40845
5.51678e-60;1.40843
4.72784e-60;-1.40844
4.05188e-60;1.40843
3.47245e-60;-1.40843
2.9759e-60;1.40842
2.55019e-60;-1.40843
2.18555e-60;1.40845
1.87317e-60;-1.40844
1.60534e-60;1.40844
1.37586e-60;-1.40843
1.17912e-60;1.40842
1.01045e-60;-1.40842
8.65909e-61;1.40843
7.42071e-61;-1.40845
6.3601e-61;1.40843
5.45054e-61;-1.40844
4.67139e-61;1.40844
4.0035e-61;-1.40843
3.431e-61;1.40843
2.94027e-61;-1.40844
2.51996e-61;1.40844
2.15969e-61;-1.40844
1.851e-61;1.40844
1.58636e-61;-1.40843
1.35948e-61;1.40843
1.16505e-61;-1.40843
9.98437e-62;1.40844
8.55678e-62;-1.40844
7.33361e-62;1.40844
6.28502e-62;-1.40844
5.38668e-62;1.40844
4.61663e-62;-1.40843
3.95638e-62;1.40842
3.39045e-62;-1.40842
2.90541e-62;1.40845
2.49014e-62;-1.40843
2.13408e-62;1.40845
1.8291e-62;-1.40844
1.56767e-62;1.40844
1.34354e-62;-1.40843
1.15138e-62;1.40844
9.86766e-63;-1.40842
8.45614e-63;1.40843
7.24659e-63;-1.40845
6.21111e-63;1.40842
5.32265e-63;-1.40842
4.56128e-63;1.40842
3.90878e-63;-1.40843
3.34983e-63;1.40843
2.87069e-63;-1.40845
2.46044e-63;1.40845
2.1088e-63;-1.40842
1.80712e-63;1.40844
1.54877e-63;-1.40844
1.32735e-63;1.40844
1.13762e-63;-1.40845
9.75023e-64;1.40843
8.35601e-64;-1.40842
7.1605e-64;1.40844
6.13669e-64;-1.40844
5.25936e-64;1.40844
4.5076e-64;-1.40844
3.86332e-64;1.40844
3.31097e-64;-1.40843
2.83746e-64;1.40844
2.4319e-64;-1.40844
2.08419e-64;1.40843
1.78618e-64;-1.40845
1.53091e-64;1.40842
1.31186e-64;-1.40844
1.12429e-64;1.40844
9.63574e-65;-1.40844
8.25802e-65;1.40844
7.07743e-65;-1.40844
6.06565e-65;1.40844
5.1984e-65;-1.40844
4.45513e-65;1.40844
3.81821e-65;-1.40844
3.27237e-65;1.40843
2.80443e-65;-1.40843
2.40331e-65;1.40844
2.05975e-65;-1.40843
1.76517e-65;1.40842
1.51269e-65;-1.40842
1.29625e-65;1.40843
1.1109e-65;-1.40845
9.52122e-66;1.40843
8.15981e-66;-1.40845
6.99363e-66;1.40842
5.99311e-66;-1.40844
5.13649e-66;1.40844
4.40223e-66;-1.40844
3.77286e-66;1.40844
3.23357e-66;-1.40842
2.77104e-66;1.40842
2.37461e-66;-1.40844
2.03517e-66;1.40844
1.74418e-66;-1.40844
1.49479e-66;1.40844
1.28113e-66;-1.40844
1.09801e-66;1.40844
9.41065e-67;-1.40844
8.06555e-67;1.40844
6.91254e-67;-1.40843
5.92399e-67;1.40844
5.07707e-67;-1.40844
4.3513e-67;1.40844
3.72923e-67;-1.40844
3.19609e-67;1.40844
2.73915e-67;-1.40843
2.34736e-67;1.40845
2.01185e-67;-1.40844
1.7242e-67;1.40844
1.47769e-67;-1.40845
1.2665e-67;1.40843
1.08535e-67;-1.40844
9.302e-68;1.40844
7.97218e-68;-1.40844
6.83236e-68;1.40843
5.85535e-68;-1.40843
5.01782e-68;1.40845
4.30073e-68;-1.40845
3.68604e-68;1.40843
3.15895e-68;-1.40842
2.70707e-68;1.40843
2.31987e-68;-1.40845
1.98831e-68;1.40843
1.70392e-68;-1.40844
1.46037e-68;1.40844
1.2516e-68;-1.40844
1.07266e-68;1.40843
9.19234e-69;-1.40844
7.87827e-69;1.40844
6.7521e-69;-1.40843
5.78661e-69;1.40842
4.95863e-69;-1.40844
4.24972e-69;1.40844
3.64225e-69;-1.40843
3.12135e-69;1.40845
2.67524e-69;-1.40843
2.2926e-69;1.40844
1.96489e-69;-1.40843
1.68391e-69;1.40843
1.44306e-69;-1.40845
1.2368e-69;1.40843
1.05995e-69;-1.40845
9.08493e-70;1.40845
7.78645e-70;-1.40843
6.67301e-70;1.40842
5.71849e-70;-1.40842
4.90039e-70;1.40842
4.19943e-70;-1.40842
3.59861e-70;1.40844
3.08408e-70;-1.40844
2.64317e-70;1.40844
2.26532e-70;-1.40843
1.94137e-70;1.40843
1.66375e-70;-1.40843
1.42581e-70;1.40842
1.22186e-70;-1.40842
1.04706e-70;1.40842
8.97279e-71;-1.40843
